"1"   17240   30.5679   37.7848
"2"   17302   30.6828   36.8851
"3"   17310   31.9803   36.5507
"4"   17826   30.5577   38.1047
"5"   17828   31.1778   38.283
"6"   17864   30.4582   38.086
"7"   17865   31.066   37.7999
"8"   17882   30.872   37.8377
"9"   17887   30.5777   37.4544
"10"   17893   30.9721   37.4939
"11"   17894   30.5617   37.493
"12"   17895   30.898   36.9393
"13"   17915   31.0627   36.8604
"14"   17917   31.2494   36.8886
"15"   17926   30.191   37.0565
"16"   17927   31.5952   37.0968
"17"   17954   31.441   36.7895
"18"   18008   30.4995   37.189
"19"   18011   31.1909   37.1441
"20"   18012   31.9979   36.8043
"21"   18013   31.775   36.866
"22"   18014   30.9345   37.1046
"23"   18015   30.4339   36.9703
"24"   18016   30.6025   36.9501
"25"   18047   31.7971   37.0468
"26"   18111   30.8228   37.3792
"27"   18112   30.5197   37.6364
"28"   18114   30.9986   38.1242
"29"   18306   31.1189   36.9517
"30"   18307   30.6425   37.0987
"31"   18311   30.4425   37.5642
"32"   18608   31.1092   37.4347
"33"   18609   30.1767   37.3017
"34"   18610   31.7747   37.2478
"35"   18611   32.2792   36.7886
"36"   18616   31        37.9469
"37"   18624   30.8928   38.1839
"38"   18838   31.66     36.6653
"39"   18839   31.6756   36.8614
"40"   18840   30.3325   36.8389
"41"   18841   30.4372   37.3094
"42"   18842   30.6769   37.4319
"43"   18844   31.1881   37.5242
"44"   18845   31.0439   37.6808
"45"   18846   31.0531   38.4558
"46"   19100   31.2306   38.1894
