"1"     17033     37.8858     40.9838
"2"     17034     38.3878     40.9227
"3"     17037     39.7649     40.9985
"4"     17040     40.5013     41.04
"5"     17042     41.433     41.4065
"6"     17088     39.4653     40.4598
"7"     17569     40.4435     40.6193
"8"     17624     37.293     41.143
"9"     17626     39.5615     41.0325
"10"     17628     40.8993     41.1777
"11"     17686     38.4397     40.5592
"12"     17689     37.4878     41.0405
"13"     17696     39.4037     40.6413
"14"     17713     41.1103     40.9518
"15"     17714     39.6532     40.6985
"16"     17741     40.7106     40.6711
"17"     17757     40.5989     40.7258
"18"     17761     40.44     40.9278
"19"     17765     40.9942     41.0125
"20"     17769     40.8992     41.0503
"21"     17772     41.0703     41.1528
"22"     17775     40.331944     40.983531
"23"     17781     40.7417     41.0603
"24"     17785     40.7789     40.9583
"25"     17800     40.6083     40.9898
"26"     18130     37.6483     40.6928
"27"     18221     38.9128     40.8106
"28"     18222     38.2789     40.5894
"29"     18223     38.9931     40.9078
"30"     18225     38.7658     40.9775
"31"     18226     39.1456     40.6825
"32"     18227     39.2989     40.5686
"33"     18229     39.436491     40.886096
"34"     18230     39.2617     40.7803
"35"     18231     39.2144     41.0328
"36"     18232     40.4961     40.8858
"37"     18233     39.9497     40.9486
"38"     18523     37.3772     40.675
"39"     18524     37.5072     40.9111
"40"     18525     37.9479     40.6255
"41"     18526     37.1039     41.0211
"42"     18527     37.9672     40.9756
"43"     18528     37.5928     40.7861
"44"     18530     37.4543     40.7439
"45"     18531     37.2486     40.8561
"46"     18532     37.776     40.4661
"47"     18533     37.7092     40.985
"48"     18534     37.7528     40.8733
"49"     18544     37.1594     41.1389
"50"     18554     41.2928     41.3166
"51"     18558     38.1942     40.9146
"52"     18559     39.145     41.0017
"53"     18560     38.9519     41.0175
"54"     18561     38.804012     40.901545
"55"     18562     38.5714     40.8522
"56"     18563     38.6251     40.8735
"57"     18566     40.428888     40.989722
"58"     18567     41.1556     41.2703
"59"     18568     40.5825     40.8711
"60"     18569     40.794715     40.730724
"61"     18570     40.271944     40.799722
"62"     18571     40.133888     40.771
"63"     18572     39.6053     40.845
"64"     18573     39.4208     41.095
"65"     18574     40.2097     40.9231
"66"     18575     39.3794     41.0017
"67"     18707     37.3439     40.6292
"68"     18720     38.3408     40.5539
"69"     18721     38.0433     40.6119
"70"     18722     38.6472     40.5331
"71"     18723     39.7375     40.3608
"72"     18724     38.9936     40.675
"73"     18725     38.8458     40.5258
"74"     18726     39.9119     40.5286
"75"     18727     39.0419     40.5047
"76"     18728     39.6444     40.5592
"77"     18730     39.1039     40.8814
"78"     18731     40.9575     40.791388
"79"     18732     40.6433     40.8272
"80"     18733     40.1867     40.5331
"81"     18905     40.7669     41.0408
"82"     18920     39.4397     40.4274
"83"     18921     38.4761     40.5675
"84"     18932     41.504     41.3883
"85"     18933     41.5638     41.4801
"86"     18936     39.2023     40.8564
"87"     18937     40.5509     40.9587
"88"     19033     37.9358     40.7644
"89"     19034     37.7769     40.6292
"90"     19053     38.6189     40.6742
"91"     19054     38.3175     40.7264
"92"     19056     39.5558     40.3153
"93"     19058     41.0886     40.9003
"94"     19059     41.1125     40.9758
"95"     19060     39.9689     40.8039
"96"     19061     39.8047     40.8311
"97"     19062     40.3344     40.6042
"98"     19063     39.9103     40.6339
"99"     19064     40.4069     40.5567
